USDZWL: 322.355011

USDGHS: 3.949656

USDTWD: 33.222002

USDIDR: 13430

USDMUR: 35.540001

USDNGN: 199.249541

USDILS: 3.914099

USDETB: 21.2675

USDKMF: 442.576263

USDBMD: 1.00005

USDPGK: 3.041099

USDKYD: 0.820448

USDKHR: 4011.749727

USDJMD: 121.425003

USDSAR: 3.75375

USDAUD: 1.395985

USDGIP: 0.699403

USDCHF: 0.991805

USDMVR: 15.360035

USDSVC: 8.727049

USDXCD: 2.69315

USDIMP: 0.70039

USDXOF: 590.101624

USDEUR: 0.900374

USDTOP: 2.244525

USDLVL: 0.62055

USDSCR: 12.18695

USDNOK: 8.583101

USDRWF: 763.76001

USDALL: 124.439499

USDUZS: 2846.629883

USDBTC: 0.002296

USDSYP: 219.800995

USDBTN: 68.540001

USDISK: 128.464996

USDDZD: 106.565002

USDAZN: 1.584704

USDMKD: 55.394977

USDFJD: 2.1427

USDGBP: 0.703839

USDCRC: 534.450012

USDVUV: 113.050003

USDBZD: 1.995013

USDPAB: 0.999435

USDDKK: 6.71975

USDIQD: 1107.099976

USDERN: 16.180335

USDSZL: 15.40475

USDLBP: 1510.000315

USDTZS: 2186.750211

USDXPF: 107.351303

USDMMK: 1235.800049

USDLYD: 1.36515

USDGEL: 2.485017

USDHKD: 7.77335

USDBSD: 0.99943

USDKPW: 899.99982

USDZMK: 5156.0974

USDSHP: 0.699398

USDJEP: 0.70054

USDXAU: 0.000822

USDBBD: 2

USDIRR: 30187.000371

USDDJF: 177.645004

USDHRK: 6.86375

USDVEF: 6.350244

USDTHB: 35.736026

USDXAG: 0.065725

USDXAF: 590.101624

USDLAK: 8125.350098

USDARS: 15.10145

USDRUB: 76.430224

USDCZK: 24.333995

USDBRL: 4.029197

USDPYG: 5781.000082

USDPHP: 47.585499

USDRON: 4.03405

USDQAR: 3.64915

USDCOP: 3355.679932

USDTMT: 3.5

USDEGP: 7.845101

USDZMW: 11.360463

USDLKR: 144.065002

USDLTL: 3.048698

USDBAM: 1.75945

USDGGP: 0.700502

USDAOA: 158.828003

USDTND: 2.02455

USDPKR: 104.764999

USDHUF: 278.070007

USDBIF: 1562

USDMYR: 4.191596

USDLSL: 15.40475

USDXDR: 0.71645

USDUAH: 26.964969

USDSEK: 8.461404

USDTTD: 6.49145

USDAWG: 1.79

USDCUP: 0.999498

USDSRD: 4.000194

USDKRW: 1236.944946

USDGMD: 39.200001

USDCLF: 0.024598

USDCUC: 0.99998

USDNZD: 1.501828

USDGTQ: 7.6705

USDTRY: 2.947601

USDMRO: 342.000056

USDCLP: 699.494995

USDFKP: 0.6597

USDLRD: 84.660004

USDUYU: 31.895045

USDKZT: 353.279938

USDHTG: 60.85402

USDCDF: 928.000201

USDBHD: 0.37691

USDMGA: 3179.350098

USDRSD: 110.824997

USDUSD: 1

USDMAD: 9.76495

USDSBD: 8.079653

USDOMR: 0.384975

USDJPY: 112.790497

USDTJS: 7.869702

USDKES: 102.009499

USDYER: 214.889999

USDMZN: 49.279999

USDMDL: 20.059999

USDNAD: 15.40475

USDHNL: 22.591801

USDBGN: 1.75725

USDAED: 3.67295

USDGNF: 7683.549805

USDEEK: 14.130987

USDPEN: 3.518953

USDCAD: 1.375804

USDMWK: 753.594971

USDCVE: 99.259003

USDBOB: 6.89029

USDKWD: 0.299202

USDBWP: 11.16695

USDGYD: 207.210007

USDAMD: 495.529999

USDMNT: 2027.503701

USDJOD: 0.70965

USDUGX: 3439.999794

USDSOS: 620.549988

USDSGD: 1.401755

USDDOP: 45.255001

USDSTD: 22054.5

USDAFN: 69.379997

USDBYR: 21650

USDCNY: 6.515903

USDSLL: 4090.000186

USDZAR: 15.40975

USDBND: 1.40215

USDNIO: 28.126301

USDVND: 22382.5

USDANG: 1.78991

USDKGS: 74.461098

USDINR: 68.614998

USDMOP: 8.005198

USDWST: 2.606394

USDMXN: 18.18005

USDSDG: 6.100897

USDBDT: 78.589447

USDNPR: 109.664001

USDPLN: 3.93975

